2006540
0
3000420
0
3490452
0
4028028
0
4135104
1
4369168
0
4565556
3
4754560
1
4674436
0
4924520
0
4978956
2
5200884
4
5288496
7
5266320
4
5397228
12
5491956
13
5635936
4
5626660
11
5603688
7
5910220
12
5873820
17
6084544
16
6145464
23
5953580
17
6131056
17
6158848
17
6425380
34
6591676
27
6448744
26
6473688
23
6810268
30
6692740
27
6679044
28
7053156
36
7265224
56
7221512
43
7097144
44
7210348
42
7564920
57
7441844
49
7398948
46
7677292
51
7887496
63
7875708
57
8177848
75
8244032
78
8470872
82
8218984
66
8387560
86
8668528
85
8645920
82
8813068
86
8741536
88
9172676
105
8732228
92
9187680
94
9263252
102
8975964
92
9280368
112
9502032
126
9217068
94
9161684
100
9389324
114
9686252
124
9718336
126
9529428
113
9809180
135
9849396
128
9958676
139
10284804
147
9775796
132
9969316
141
10182436
148
10204792
152
10291500
160
10587624
167
10486744
166
10447664
146
10513588
181
10708004
181
10772496
190
10878404
182
10775624
192
10923420
192
11400568
213
10866508
181
11265612
201
11308876
217
10956080
187
11104260
199
11441132
207
11384824
218
11319816
202
11673360
222
11649040
225
11715220
228
12324356
269
11929272
234
12214568
264
12149904
255
12154644
258
12214412
267
12935856
295
12782708
294
12424372
270
12780080
286
13474860
325
12948284
310
13136924
304
12654992
279
13280776
298
13121716
316
13293220
319
12939656
297
13646580
332
13489480
319
13418464
330
13448344
325
13503636
325
13639236
321
13586620
325
13412504
320
13626720
325
13761320
337
13851104
351
13782296
340
13992636
345
14151696
359
13770548
339
14095988
349
13967984
345
14216432
357
14066424
330
13698164
332
14219932
359
13771616
335
13635468
344
14157092
352
14203392
347
13718620
331
14279496
353
14296788
361
14257804
350
14311924
365
14324248
369
14272864
360
14323516
365
14272800
360
14139276
349
14093128
356
14081976
360
14034884
352
14384840
356
14530996
372
14041720
353
14284464
354
14341956
361
14332432
370
14669484
384
14500416
372
14432244
368
14329396
366
14284812
366
14061332
356
14633000
377
14544756
380
14764284
379
14616556
370
14226232
358
14541556
375
14406740
375
14216112
355
14731412
382
14845628
401
14687508
373
14415776
367
14483224
368
14761720
388
14462776
377
14569648
365
14361712
373
14461852
372
14782432
390
14851924
382
14147188
362
14688860
384
14995020
398
14805716
383
14212772
368
14729300
384
14685084
385
14413904
378
14721304
387
15047808
380
14895976
392
14878856
388
14469272
368
15015228
391
14735116
378
14478668
382
14632244
376
14425156
366
15316544
391
14616332
378
15271828
392
14842532
383
14805096
392
15096696
397
14862412
390
14887820
390
15235572
392
14796200
385
15576024
408
14833556
386
15886648
410
14866996
381
15382408
408
15082612
391
15424960
402
15200792
385
14900388
379
15264884
400
15431716
392
15636744
404
15157300
390
15289216
390
15634112
397
15871908
408
15512588
397
15804732
406
15611580
397
15211652
385
15638556
398
15560812
401
15477236
398
15786820
404
15656396
398
15892320
396
15654408
408
15197952
392
15697272
413
15423640
398
15679308
409
15486328
395
15903112
408
15265240
386
16172760
421
15471888
395
15829748
410
15843244
410
15612640
404
16121324
415
15639968
412
15905616
406
15743988
402
15649192
398
15746256
407
15816804
422
15775844
409
15977916
416
15676272
404
15821312
405
15516648
409
15906288
408
15807928
410
15617884
397
15620708
390
15729824
405
15793044
418
15994824
406
15596092
412
15634172
414
15497108
406
15756704
411
15893040
418
15602888
401
15965544
421
16245652
431
15700176
416
15938052
420
16140744
423
15330704
397
16009264
411
15583012
413
15354104
402
15159488
392
15870388
424
15483320
391
15378040
405
15864920
419
15858052
418
15518540
398
15201248
399
15902992
424
15633244
403
16194304
415
16016020
416
15836180
407
15972576
419
15521164
406
16000260
424
16106300
414
15961084
417
15872412
408
16128008
412
15588760
409
15763204
419
16044000
421
15646160
408
15914492
409
15888136
406
15738344
416
15886180
421
16006836
419
15771888
412
15826280
416
15956028
414
15945244
416
15648012
408
15862744
425
15611492
408
16051024
411
15642896
416
15689520
412
15830892
408
16180324
423
15860768
421
16053640
418
16280096
428
16431984
414
16006836
419
16221196
420
15814560
407
16323936
428
16127680
419
15901804
410
15700424
405
16072136
417
15956252
422
15867744
415
15407912
406
16039056
418
16274276
425
15818696
416
16343604
422
15777664
409
15618744
412
15622232
415
15655772
403
16134660
429
16082804
431
16140188
422
15697924
419
16333904
434
16429992
420
16143896
424
15737692
412
16218752
419
16256660
432
15516948
408
15516984
408
15885808
417
15955448
422
15663524
417
16396580
430
15954416
427
16437416
430
15943400
414
16320780
427
16387296
421
15961144
424
16196500
428
16279452
426
16181260
421
16202000
411
16196364
415
16204284
408
15837852
426
15900940
419
15628836
414
16113792
416
16075416
411
16054568
427
16432840
423
16129584
423
15920144
399
15922932
411
16053600
424
15864856
415
16199684
436
15621524
407
15570144
400
15518552
403
16357940
423
16083652
426
15747700
414
16089496
412
16076844
426
16064324
426
15836400
409
16323224
417
16180048
430
16001464
412
15926404
422
16351556
424
16185692
421
16168500
416
16359288
412
15688824
406
15642148
401
15915780
416
15943616
416
16294584
414
15510236
411
16579500
423
16640656
432
16175888
417
15930868
415
16477936
427
15977264
427
16327924
423
15981192
426
15838944
422
15813024
413
16622444
425
16020868
434
16102444
414
16205052
423
16223764
415
16403704
434
16440972
425
16270248
412
16559504
434
16905896
433
16059808
420
16929928
433
16460104
424
15988100
408
16502044
422
16655968
439
16684760
418
16507584
429
16895132
423
16300300
421
16383272
420
16391908
427
16512608
427
16412628
421
16760844
435
16219796
426
16252248
419
16473776
421
16170760
417
16770964
418
16745816
432
16220580
415
16860392
428
16592840
415
16744464
422
16354304
416
17114520
427
16416752
418
16878228
425
16562040
425
16582028
428
16799052
425
16975292
422
16417848
421
17221172
431
16331660
420
16610304
422
17029852
422
16237316
415
17021360
431
16794264
416
16969288
422
16952108
408
16995380
419
16810352
414
17447768
427
17167156
435
16548508
406
17080532
433
16469580
405
17179852
426
16573440
419
17264980
432
17156476
429
16650308
425
16706164
416
16794328
421
17019136
435
16657000
412
17134644
438
17357300
433
17318768
427
17422540
436
17458296
427
17046092
423
17367116
439
17613888
433
16690660
426
16514224
409
17534136
432
17059468
429
17289844
438
17088228
420
17532048
429
17294676
425
16802552
428
17211636
436
17332432
422
17642248
427
17084880
430
17058632
423
17193196
425
17106748
426
17572072
441
17641224
429
17351892
430
17238040
427
17454096
422
17219700
422
17549484
432
17321332
428
17520236
438
17807120
437
17515856
432
17661368
440
17543680
438
17455576
436
17828384
433
17477148
423
17311492
440
17231872
417
17077480
427
17251640
420
17079656
431
17332152
426
16683520
419
16854532
421
17850372
441
17806748
439
17579812
424
17201948
434
17163992
430
18373112
438
17257392
417
17804404
426
17394716
431
17055460
411
16805628
423
17517336
427
17740240
437
16876876
411
17254052
427
17724564
432
17560696
436
17074536
421
17615672
429
17424880
432
17498456
420
17784372
425
17568968
435
17253356
429
16945520
415
17747648
441
17866648
430
17374776
432
17846212
429
17319812
417
17638988
445
17606688
429
17124524
413
17729120
420
17683884
431
17258768
424
17680700
439
17671972
436
17684428
430
17220916
417
17951356
427
17830620
427
17699844
419
17873072
428
17612840
430
17685832
433
18226816
432
18387928
438
18234112
435
17697456
433
17538096
416
17482768
420
17651956
435
18406936
432
17994244
435
17180600
433
17399112
432
17591772
434
18074172
449
17082908
425
17635692
436
18104244
435
17247024
434
17641636
430
17262660
427
18056208
440
17231732
434
18468716
434
17477664
424
17479964
424
17905340
428
17524408
430
17410188
423
18240336
443
17997712
435
18078496
430
18067032
443
17688536
433
17466760
426
18142596
434
18019096
440
17711864
428
18395332
428
17716380
426
18092376
435
17703624
432
18514612
442
17383448
423
17777504
439
18009320
425
17958772
423
17917184
437
18066564
440
18410408
445
18057180
434
18356160
437
18405412
440
17822996
429
18002884
425
17857480
431
17640112
425
18598772
429
17368468
426
18247104
444
18494520
429
18569388
438
17948388
428
17456712
416
18115016
432
18154484
421
18211588
436
17581092
424
18302276
445
17828316
431
17906128
446
18154588
431
17986400
419
17896552
431
18175956
443
18269856
425
17787008
423
18638360
440
18317040
443
18163432
424
17840716
421
18315408
430
18507200
442
17817824
425
17718028
425
18428212
430
19040924
435
18364892
431
18097644
416
18389752
443
18928988
448
18119368
430
18477860
444
18886672
425
18419900
441
18525312
446
18172024
425
18696884
435
18417032
436
18132004
430
17994216
429
18389640
436
18494024
441
19094676
439
18150904
440
18090076
429
18491136
448
18492956
441
17929304
430
18079576
419
18460596
440
18988764
432
18406800
431
18330408
429
18219928
444
18339500
433
18310992
432
18431348
429
18995296
447
19160400
432
18189984
434
19243272
429
18603312
432
18461396
436
18272604
431
18456172
431
19022148
441
18153980
438
18603112
431
18992116
447
18334696
440
18501108
433
18472604
436
18908104
431
18240748
442
18279388
416
18148852
428
18400532
441
18380316
436
18610524
432
18865344
433
19427688
456
19064632
435
18394476
433
18641244
436
18887680
439
18629600
437
18115072
433
18160836
428
19172408
431
19077240
435
18454768
427
18816528
443
18386296
433
19484872
436
19078468
444
18613848
436
18286592
424
19586956
444
18620076
427
18820460
437
19124000
441
19734272
449
18937160
443
19157020
434
19039748
447
19362428
439
18853676
435
19037252
436
18959744
441
18553492
416
18713792
444
19119640
441
19315024
443
18838616
429
18805616
427
18274536
424
19140116
438
19691380
446
18765880
429
18832560
440
19449756
444
19605772
443
19042720
437
19088084
440
19400812
445
19423972
440
19584840
440
18826820
433
19249432
439
19315696
437
19230136
431
19520376
448
19087840
437
19090900
425
18852252
428
19386972
422
19228840
436
18745392
419
19902436
437
20107432
442
19590480
430
19756560
447
19244464
439
18784488
434
19239092
428
19359836
445
19311792
437
18934308
437
18797104
424
19971336
442
19140652
432
19806892
444
20042128
448
19829804
445
19460404
442
19201460
428
19360920
436
19573844
442
19549260
436
19906956
437
19338588
439
20622128
444
19797004
438
19479108
436
20158724
442
19805496
444
20041852
436
19707068
428
20016872
425
20366228
446
19862040
439
20091592
441
20056048
433
19029624
437
19551444
433
19738084
431
19475728
442
18610356
421
20402972
437
19574724
428
19190668
436
19545488
435
19335852
420
20215400
446
20075776
451
19209164
431
19941436
442
19584408
422
19686684
432
19942544
440
19211628
437
20008740
447
19628536
434
19644620
438
20712104
453
19655880
433
19264172
429
19368652
436
20659016
439
20331132
432
19718528
434
20131764
446
20068496
442
20719172
448
20417120
448
19768840
433
19983972
444
19616524
431
20340812
439
19798232
444
20490100
447
19815732
439
19298040
432
19570336
429
20345404
437
20139564
436
20424080
446
20074404
441
19404208
426
19979840
437
20466848
447
20556632
445
20185416
448
20133940
445
20103956
429
19858072
445
19885160
443
20512992
443
19821136
438
18985184
422
19991028
430
20578820
441
20725280
434
20359764
430
20176464
448
19787056
431
20007424
432
20930376
449
20102352
431
20853568
446
20737280
439
20207764
426
20491256
439
20801780
442
20158216
441
20598096
435
19709252
437
21386192
446
20178696
441
20972140
448
21207972
447
20545352
435
20033400
436
20635268
443
20451288
437
20886032
439
20810244
446
20933964
448
21134268
435
20833000
443
19499972
435
20515844
436
20928388
432
20253924
438
20957772
452
20849220
448
21002708
438
20574028
458
20509280
437
20746560
437
20226876
432
20746124
438
20852364
434
21770352
446
20374892
434
20784720
446
20674880
440
20883488
447
21275640
444
21437644
447
21170612
433
21114052
437
20590740
438
21484652
446
21549296
443
21430776
455
20133628
438
21757300
449
21363012
444
21626136
442
20336876
440
21028524
442
21153440
448
21316576
453
21548196
443
21516104
450
21272988
447
20793156
434
20928200
441
20862464
437
21732156
442
20936080
422
21786884
447
21265680
443
21382036
442
21385676
440
21088112
442
20264100
433
21940092
447
20736268
436
21610424
445
20796904
434
21043436
439
21406836
439
21512716
433
21268524
434
21958692
441
21453392
437
21749420
442
21900100
447
22140372
454
21824140
449
21598944
442
21407624
437
21479632
446
21803776
436
21629220
442
21413420
441
21639224
448
21658508
440
21723228
430
21407732
435
20842668
445
21435196
438
21847040
447
22027900
453
21690356
445
22661312
455
21856224
450
21502960
442
22049460
440
21487832
430
22086576
436
22167096
442
21603280
438
21384784
444
21910516
441
21661428
448
21994080
437
21244380
440
21857940
435
21348788
437
21698700
432
21826072
450
21647056
445
21784772
441
21800176
448
21342728
444
22288812
442
21867628
438
22377524
451
22577708
450
21787688
439
22070940
446
21524092
442
21904336
447
22014800
439
22417692
446
21769464
438
21793496
448
21633044
435
21511096
434
21974504
446
21790676
450
21898808
445
22749160
446
21677204
441
21839296
441
21915908
452
21923736
445
21995644
447
21611560
448
22024284
437
22338128
442
22459940
446
21488556
432
21810460
435
23047328
440
22851732
451
22911940
447
21995012
440
22183584
447
21869728
443
21960460
448
22755676
456
22063468
443
22254492
453
21980772
450
22440388
451
22131472
445
22698288
443
22628596
457
22651028
451
21320164
444
22261904
450
22304548
453
22607064
450
22736668
460
21649228
435
22135384
442
22004224
448
22214724
442
22565308
447
22504536
447
22393832
454
22626812
457
22394572
450
21879556
439
21075904
433
22655752
450
21584000
434
22294380
439
22689180
440
21847008
443
22070864
448
22458508
443
21772056
445
22780744
450
22405916
450
22715264
447
22417340
444
22806192
451
22566996
447
22120052
450
23183556
444
22581428
428
22819136
452
22820348
451
21820332
431
22588420
445
22385512
451
22418752
442
22575988
443
22262232
427
22539512
441
22547920
444
22592072
445
21942984
448
22496508
447
22744352
440
22929288
437
23643540
451
23104516
446
23142304
446
22008904
438
22693368
444
22594704
443
22765196
454
22481928
450
22640368
451
23040988
439
22962804
446
22727240
438
22881764
441
22454240
455
22618732
458
22862108
449
21883348
444
22864176
441
22574064
439
22393036
430
23056532
446
22637796
446
22635220
443
23278024
445
22843020
438
23000500
456
23004148
440
21901656
438
23315576
441
22186780
447
23005712
447
23519780
451
23516468
458
23209916
452
22757532
443
22498944
446
22552156
448
23375960
446
22930440
444
22944380
450
23370664
454
22198572
428
22016176
434
22699636
438
23482264
445
22636208
429
23202400
453
22078620
445
22940508
444
23453540
455
23221920
453
23256348
450
23442108
449
23748176
461
22836764
438
23200788
449
22663452
439
23375060
447
22757312
438
22633168
440
23881068
455
23501348
445
23398612
450
23115948
448
22490600
439
22806632
438
22795544
428
23162716
450
23584320
441
22997304
443
22954696
438
22708380
446
22894636
456
23474352
455
22222032
432
23712752
455
23280016
445
23864948
445
23975936
463
23149916
442
23338736
450
22732916
442
23307316
450
23806588
440
22922916
442
24110040
454
22784676
449
23963620
449
22931364
444
24026708
457
23269096
441
24058236
454
22713460
431
23123328
446
23866932
450
22799488
435
22741860
447
23638100
451
23613520
450
23024212
439
24167840
452
23077652
447
23739840
450
23482568
449
23407080
439
23841356
455
23882468
455
23323960
445
22309764
441
22837528
452
23081444
446
24037052
460
23167284
441
23706268
456
23356560
450
24346444
455
23362540
439
23261924
451
23559028
437
23423836
451
23644916
455
23489656
463
23039956
444
23487308
447
24132788
459
23839636
450
22726540
435
23577308
448
23969376
448
22368036
447
23347092
445
23940784
448
23364988
444
23375804
435
23427632
448
24118200
444
23537748
442
24852820
457
23082568
437
23341792
443
23584388
444
24001840
449
23435540
442
23238104
442
22937104
444
23563680
436
23825404
448
23048820
443
23664980
445
23947444
452
23184384
447
23213236
452
23593376
441
23938264
442
23615468
448
22830268
439
23945964
444
23954940
451
23461932
434
23158080
444
23371952
441
23678124
455
24348264
457
23876940
442
22942220
438
23610128
446
24070764
446
23901072
448
24475968
457
23369676
442
22928220
439
24460456
451
24289032
447
23579776
441
23209216
446
24017392
439
24261520
456
23658532
461
23149940
437
24053372
458
23104892
436
24195716
463
24503696
454
23505108
451
24173944
442
23934408
443
23990588
456
23350984
439
23630920
455
24216444
444
23523308
457
23849940
452
24335340
444
24211880
454
24514220
449
23887608
436
24037344
449
23395640
441
24415596
451
24458924
454
23817412
442
23052972
436
24795684
449
24002336
454
24185484
455
24361804
451
24678748
454
23905596
446
23840812
445
23777200
457
23945828
445
23253516
431
23845632
445
24227972
461
24142208
444
23843064
448
23870128
447
23494140
437
23890304
445
24121924
451
24243940
450
23292844
446
24281708
458
24637032
456
24561840
454
24130540
436
24210620
442
25121476
460
24003468
442
24042144
453
24271220
445
24061472
441
23802764
439
24756844
457
24006852
449
24676768
455
23161516
444
24199040
454
24086748
452
24768392
455
24005792
449
24156308
453
24113060
448
25167872
459
24108164
449
24351636
441
24623496
446
25317892
457
23637436
435
24502448
453
24117656
435
25164168
451
24401832
448
24584616
446
23910124
441
24109120
444
24412580
444
23677652
449
23916072
441
23978792
447
23782556
459
24823324
458
23713472
453
24405700
451
24059564
444
23969792
438
24389744
442
23311600
441
23832172
462
24951512
465
23737084
443
24571996
440
24374400
450
24215384
441
25194512
448
24291904
445
24592388
450
24111624
448
24204692
444
24303124
452
24257744
438
24691292
453
25380452
447
24865592
443
23594620
440
23507880
444
23630328
449
23660296
440
24243792
447
24082152
446
24160252
447
24311692
438
24988812
455
24889224
448
24341076
444
23765256
437
24757072
453
24733100
459
24921048
449
23671248
435
25243100
454
24390596
447
24709520
450
25044024
460
24968028
449
24656064
446
24371744
441
25167568
453
24704504
446
24472360
438
24644220
441
23302068
433
23925064
451
24232328
437
23506268
446
25145572
458
24186524
445
24834084
446
25340480
450
25368644
450
25782888
459
24932236
443
24899872
446
25111512
453
23923820
451
24026356
443
24510456
443
24363104
444
24379248
446
24795376
447
25060724
456
24680572
453
24689692
461
24301644
451
24627236
450
23949572
450
24374736
442
25229528
460
24803928
457
24761972
442
23129996
433
25255080
460
24767736
449
23987628
450
25281904
450
25069208
447
23968556
449
24675964
449
24155756
461
23982440
440
24989700
455
24605856
460
24792312
463
25169692
459
23712080
445
25067804
454
24499660
448
23580608
441
24172992
442
24705132
452
23625016
447
25052368
449
24194624
435
24859304
454
24886324
450
24631776
442
24727124
442
24949716
456
24582224
449
24065768
439
24767516
452
24262384
453
23394952
444
23277552
444
24274572
452
23996868
445
23504972
439
24533276
454
24688724
447
25104120
460
25282740
456
24197756
446
24793648
445
25818124
456
25240024
449
24602888
447
25199348
452
25109372
450
24032988
446
24437460
441
24251436
451
24613604
447
24942700
450
25959904
469
24438688
440
24920148
448
24793836
453
24270092
441
24403432
444
25267048
447
24310616
443
24062488
442
24741768
441
24751164
443
24270424
445
24269948
439
24377648
441
25456676
457
23922988
443
24535556
460
24623156
445
24569720
449
24113704
451
24855804
449
24701332
453
24773268
448
25074812
457
24339876
445
24926384
459
24973068
442
25694800
462
24520280
454
25153364
452
23859188
439
24954188
460
24869728
453
24380652
443
25159504
457
24500108
443
25443432
454
23758132
446
24690908
445
25234428
451
24599960
443
24990244
443
24297832
441
25056840
458
23976528
439
25043840
454
25402808
456
24889048
445
24563444
449
25149432
460
24401128
440
25419068
448
24074204
438
24030292
430
24741968
457
25690708
448
24577656
448
23868624
438
24286040
433
25144564
453
25096588
450
24070652
440
24609464
447
24920252
443
24530668
431
25286732
455
24799140
454
25032472
455
25830384
462
24421052
444
24238360
445
24775548
447
24286488
454
24572428
438
24184024
442
25101220
454
24421728
445
25198588
452
24527272
442
24318332
451
25053568
457
24767112
441
24981980
457
24997156
453
25003304
449
24683152
447
24518804
446
25016924
449
24365136
447
25122016
450
25171976
451
24788248
449
25382176
453
24780212
446
24868912
449
25093204
442
25173948
446
25141344
439
24330380
454
24271888
445
25187416
446
24219808
452
24506196
440
25367872
442
25109432
454
25145712
453
24939336
447
25036900
452
25385764
452
24564272
443
24779864
447
24964152
452
25117312
452
24573156
450
26294220
455
24863580
450
25430072
448
24912640
447
24899712
452
24590224
445
24907524
450
24802284
442
25315880
462
23616696
430
25016220
459
24424416
450
24937028
445
25260300
462
24439996
446
25355712
457
24641764
443
24816840
434
23998028
442
23906268
454
24856516
446
24613344
449
24874744
446
24952132
445
25281768
450
24489688
438
24340988
443
25323768
454
24806236
443
25123808
441
25014712
445
24848112
454
24653152
442
24815112
451
25376264
441
25542472
451
24545456
447
24479440
443
25348376
444
25001948
456
25563692
459
25011192
455
25697484
451
25701988
454
25476636
454
24220196
452
24467428
454
25459092
453
24391452
436
25245524
448
24817376
445
24668848
453
24378156
449
24542948
458
25052480
450
24276020
447
25861980
452
24225368
438
24129512
439
24472612
445
24515576
456
24683248
445
24358492
443
25232344
443
25941432
460
24956736
456
24872276
453
24196560
442
25272532
449
24838184
449
25105468
449
25071644
453
25206384
447
24831640
448
24027312
435
25511052
447
24800372
451
25374560
457
24477808
440
25419296
445
24899516
446
25051084
451
24293300
446
24945028
456
24641092
439
25098684
459
24639272
444
25096784
458
25155516
442
24356948
448
25548488
453
24483116
449
24500908
449
26087372
460
24908860
455
24188396
446
24356064
444
25452304
457
24733164
458
25284792
446
24792540
449
24369012
454
24509864
429
24330088
443
25161976
455
24216660
441
25106880
454
24326204
439
24162532
453
24095260
442
24431156
445
24423436
445
23901208
439
24890512
451
23943752
446
25198072
458
24907620
444
25002220
455
24798284
448
25139996
455
24120304
443
24772204
454
24949652
449
24678592
450
24524160
449
24725376
452
24130408
438
24179952
440
24039676
446
24732656
447
24381184
456
23992388
438
24354156
442
24558812
447
24022432
444
25257264
446
25202308
455
24642612
446
23996524
436
24300324
448
24808340
453
24925464
455
25287532
448
24786288
456
24992256
458
24380424
446
25014644
446
25235864
452
24646720
448
24643812
434
25125176
446
24428784
436
25054208
460
24946844
450
24414088
435
24985680
447
24831352
441
25191272
456
25486032
454
24009668
449
25277000
446
23698404
427
24070080
439
24425284
439
24676636
446
24672356
451
24739388
441
24671196
450
24081604
450
25138656
448
24514048
445
25193936
448
25178856
449
24205972
434
24529712
444
24822412
446
24293772
436
24681788
448
24885048
454
24898660
448
24256784
439
24680440
446
25251004
441
25661700
457
24459292
438
24897340
450
25253944
458
24782752
438
24373784
448
24633828
446
25094592
448
24600516
452
24782000
431
24884616
439
24653376
437
24509664
447
24580020
449
24625516
451
23966008
433
25486932
450
24801112
441
24412084
438
24391032
438
24595316
455
24766028
453
24734716
452
24463788
448
24161820
455
25262832
455
24114232
443
24568168
451
23720328
429
25099204
452
25694272
451
25023636
453
24877596
446
24516208
437
24726272
451
25635952
445
24820528
446
24955040
454
25082304
461
23899992
425
24991704
453
23691648
430
25107248
449
24664296
448
24799708
445
24617408
443
24798756
447
25071928
445
25062428
450
25535780
453
24417160
450
25111524
452
24357364
449
24720672
451
24960716
451
23723028
444
24698640
437
25116880
449
23797772
424
25646960
455
24297888
434
24268032
438
25078816
447
25559012
448
24636112
442
24802004
449
24634724
446
24735960
449
24349012
446
25153596
453
24561100
440
25541404
454
24839496
446
24534320
440
25365136
447
24929012
455
24799592
447
25538808
454
24926680
444
24075880
439
24150264
445
24822752
447
24486948
439
24469800
445
24616520
447
24730024
448
24610212
443
24719936
446
24748260
446
24400884
438
25269792
459
24386936
450
24831020
458
24170476
441
24524876
455
24647652
443
23905492
434
24430652
436
24277644
449
24770260
453
24673104
438
23834792
440
24542772
455
23997584
437
24694932
441
24962564
447
24265076
443
24446040
442
25161636
455
24593432
438
24230888
441
24643228
438
25054164
442
24555380
446
24783676
444
25089612
448
24576648
446
23730572
426
24676260
446
23872848
446
24611708
447
24543856
443
24405312
448
24036152
439
25109876
449
24694228
449
24035612
438
24318384
436
24389840
441
24201240
431
24601792
440
24532824
450
24003652
441
24757600
438
24678900
434
25160428
453
24055288
439
25366132
437
25859220
460
25118188
445
24176848
426
24949364
441
25003520
447
24729060
455
25398752
451
25461520
456
24735240
444
24591692
441
24558292
439
24894560
443
24805996
453
24292644
439
24393636
434
24644916
443
25404376
452
24943956
437
24420632
437
24118280
438
23614256
434
25541588
446
25199164
443
25131368
438
25034336
446
25406196
457
25296540
452
24565848
437
25189448
446
24489788
442
24488976
446
24721772
448
25144360
444
24506256
440
24792828
450
25285168
451
24725448
441
24461280
441
25046752
439
24464236
438
24630740
442
24881580
444
24527608
430
24643428
447
25129568
455
24511772
443
24928480
452
25570200
458
24634080
446
24872116
453
24556376
447
24413616
444
24321656
449
24287272
437
24427516
439
24313688
440
25025316
451
24282072
450
23457304
443
24725876
449
23619468
426
23485164
433
23462760
442
23897400
439
23874612
446
24690896
445
23916940
437
24323216
436
24292056
434
23847140
443
24171696
444
24135552
445
25064748
445
24406436
441
23504972
439
